-1070.6680410412878
-1125.3318754265467
-1854.273792786783
-1078.3484588677604
-682.4703173895255
-1606.560592006591
-1625.004365759874
-1188.64310432188
-1127.8600690448527
-1626.634956618928
-1502.4560031883682
-1637.7225838025497
-1520.7826405728422
-1464.411795494556
-935.908935726131
-1265.459938954601
-1639.3221795374275
-1533.7418464218465
-1640.520559606049
-1643.2701533839827
-1598.8515092059183
-1611.9837167518149
-1510.3013230066977
-1643.9647519539342
-1525.4151056712406
-1547.1898247726865
-1469.8244276141559
-1613.2016485229074
-1189.6806426648002
-1133.7096457764849
-1365.237476666653
-969.684660053258
-1601.93856805201
-1574.9867122363962
-1526.2832392996281
-1420.9298769254015
-1538.0293013612077
-1517.8896098095609
-1378.2767134658304
-1143.2979369507214
-1642.0277858243812
-1419.4312670294569
-1564.7343592568586
-1473.4103899091815
-1021.5275490190188
-1636.0243508589126
-1242.3281599607735
-1399.9986319478044
-1637.0411552478568
-1514.2866457889834
-1332.5021602535903
-1335.4368730944223
-1270.2133525001448
-1132.3865187035863
-1647.7012459178516
-1648.6259101165153
-1509.985135281885
-1626.5000275378404
-1460.5201610662652
-1512.3986792968979
-1646.8421795550046
-1528.337446814558
-1478.0892205383923
-1456.8286054048274
-1224.29215360906
-1602.311053548582
-1226.9058292651196
-1451.8559752014114
-1070.7493598432588
-993.9044880532898
-1507.6209677513314
-1275.9220012349986
-1515.5356551820998
-1575.1801281738901
-661.442535076224
-268.63762133001626
-267.87141351324146
-265.50634650876106
-134.38486515900857
-843.1950916007481
-408.9657014817011
-135.25704066970212
-270.3849061475414
-1514.6341004552082
-127.86065159533102
-256.21434514883157
-128.85230216415164
-266.95277309640215
-125.15010113875331
-131.93384029272778
-130.5529873883025
-128.09131772518737
-400.60882775816674
-133.10854581449752
-137.21652250297095
-395.5296154494312
-130.9623432457896
-3.1470184416273947
-245.84101778348676
-123.01042189980353
-339.29547255309
-2.6643891534806965
-254.30052299638345
-128.25708706692066
-256.50545620964374
-236.2155558431931
-282.957109123915
-250.2822778081592
-297.24263570791516
-131.93561313708207
-240.56222614233985
-128.97054337031
-2.7320986791711634
-4.904737060458458
-124.24832333049271
-115.18034509315584
-127.82472024791632
-1.5233742808210862
-126.41486184977501
-118.19359305373395
-246.4765980597597
-265.15405306387663
-1.2662843410342852
-238.2449162607999
-1.6417709553218371
-117.15435608143524
-344.9125464915799
-2.177104872261808
-1.6841776369762838
-342.41313297251816
-116.54189425693916
-125.1009998512894
-246.98669901170547
-224.05455971970966
-124.290908191645
-128.58745906928573
-237.24173878080717
-236.66370953440955
-118.22879263427724
-119.7676438121749
-2.06552332915532
-124.70272957675132
-3.2644506221721397
-117.95782710612328
-122.09174134554819
-239.3314965771054
-124.50420393184665
-234.53624817412128
-228.58732739791571
-129.7093073119805