-1297.3008221769726
-1064.1974800781088
-1877.7183321321502
-1107.0391202535927
-640.0128245064931
-1024.6367767247748
-1500.488577885913
-1562.5604357626319
-1527.5058043398233
-1516.1003682401772
-1534.9408241207457
-1456.92717142313
-1529.0033309967398
-1521.0444456804782
-1440.520769175898
-1518.7365325081357
-1477.6256962429802
-1508.5099257893098
-1440.386717548746
-1436.1749811122215
-1088.1329910911486
-1504.7048597446894
-1523.2446594311493
-1435.365950191237
-1500.1485692272313
-1462.4394756638742
-1412.65088366341
-1229.9349981845564
-1179.1436484800317
-1137.9880692078975
-1112.099941197055
-1106.0719957054248
-1117.685255679818
-1134.7114596657373
-975.5651913168866
-1062.9911952970074
-1113.2572921105254
-938.2897622302094
-1512.0190327497423
-1024.4038398699577
-929.3303616110682
-945.3042421386501
-5.685019866225248
-933.8098235268682
-798.7889401281561
-792.4549045580833
-805.1104454186392
-809.1321322757644
-787.6340867650422
-945.8829864502318
-135.08338157526282
-1514.8417922320782
-458.5967570912952
-275.5809871161768
-134.51201773881652
-521.8294747581095
-1509.2391004272386
-3.469318466375383
-280.4414158830187
-1510.9903746187956
-261.3548331182112
-1.0123657545253992
-273.4724363890426
-509.8580157781153
-131.02797637262444
-262.97398081168626
-130.18503721536123
-273.7555855796415
-1.7853419135302513
-1.651097678360729
-1510.7894297805524
-302.98598172342554
-129.4194592256377
-126.47476374889385
-128.33749551565919
-128.27041940237558
-125.88793220281157
-128.75832113871223
-127.4111657728611
-285.19231988378885
-129.92966273422405
-129.76496553077956
-130.43890953938063
-336.1119290272449
-130.0255094662238
-130.45561284079272
-130.92553270484183
-128.41066278881146
-123.51439114260582
-134.66370756787305
-133.31377359127612
-132.7946760478344
-339.20446207416546
-131.33796992885897
-125.14510439727856
-368.9184487839648
-134.6200830831803
-0.6637319087027439
-250.08259153160108
-123.30695073165715
-282.4236420435337
-0.33222726567423394
-259.28956318412753
-136.46093440833715
-255.56238243947612
-243.07181230166782
-257.89059385322906
-257.1385680683872
-257.146552141017
-132.64987514630576
-238.10734816893932
-133.72489889274095
-7.986036007632925
-135.50189773439354
-134.06411083497755
-125.31966762701623
-135.24570037938307
-12.082096348783878
-133.41254404552137
-129.4281732017213
-250.05033217000204
-249.3187986848571
-4.621702134350813
-246.37571917241578
-13.246235974463488
-125.62621355686419
-243.06940795056897
-13.090755299198937
-12.04955097964209
-240.9150602552533
-129.51076703136798
-144.78566203981447
-255.18584876306903
-244.99627737161748
-137.91686422609843
-139.650296870038
-363.6494383276861
-245.67995912177167
-131.7205853398755
-134.0452624389227
-15.700581036700754
-125.6496414718212
-22.70534101122092
-135.55845193449025
-127.64970545028756
-249.24913675823203
-263.1950140021736
-244.8666644355736
-239.2844357912864
-130.9901877390954