-132.52145439546345
-133.04379981072282
-131.60656217813843
-335.6314219113961
-130.11974988661413
-13.475311204805212
-13.521580766189528
-128.98025713264127
-130.10529664329474
-131.26618293980425
-130.66474855698644
-592.5231967880286
-136.29968307742672
-336.7801412569864
-133.1325585570017
-137.18500633930043
-243.30585379804862
-260.05022148823474
-129.35055611118233
-136.09742930412932
-136.64353830607647
-13.526231419954744
-126.98793006981113
-383.04984498552597
-257.6846258385359
-252.8079241757433
-124.99497620103665
-313.4678894277382
-127.63927301788519
-127.9981683172292
-130.96287836699264
-134.22921498470524
-132.5023030098046
-131.11536073839486
-127.26198399868845
-14.393984932198139
-129.691418777029
-131.46060451089423
-14.134945540879615
-251.34180866498
-131.21845887981104
-260.9029464178757
-124.76904696074895
-13.606553260240583
-237.13616225038265
-134.28200336740056
-136.39727400446142
-128.575522590607
-124.65340080973411
-137.53999955871973
-367.92157075677113
-134.96345974038255
-241.0270022368799
-248.1739987465448
-243.01593830552926
-135.58514547449886
-132.63257558340828
-242.43972734519824
-14.753965520092109
-133.26506535368824
-241.0508288126443
-133.5812543499874
-13.967347053446654
-132.61802113065386
-294.65558157935436
-128.4641427518101
-130.21112267461154
-136.68779751445774
-237.3812011395152
-14.0448339387586
-14.025040157034166
-236.80096518501207
-244.10863572964135
-129.98926395754353
-132.42533494147673
-129.49473885318773
-137.65617784313278
-134.03103969862659
-133.82995622350535
-127.1819759840604
-253.81777461592426
-131.6963944710094
-129.00901208116582
-138.52712297704917
-253.1542911467946
-129.2526070205654
-131.20210028073092
-131.7120530500069
-129.75627064917867
-126.25476446227486
-136.53034454802682
-134.56417469760802
-133.65382209503557
-296.83565425082145
-129.66390033004922
-129.7466060205845
-338.88338772430166
-136.6722731409545
-13.68552798126639
-245.49054363000454