-240.96344732470925
-130.36474335421946
-248.4834305171341
-241.57956026706967
-124.83523826916681
-125.45209506993443
-249.10516439792423
-263.3904460955847
-238.62888550156725
-133.708891311302
-6.183094554888212
-126.17013130014352
-242.3815683047639
-127.96904728397331
-129.75213998310716
-129.18899796538247
-125.14339510702925
-381.7598754360701
-372.43124498510423
-133.27038698588478
-132.3514418204824
-122.37203196174606
-124.50631855566566
-237.30351783826248
-241.9912109584664
-125.17150354101281
-240.03426606970757
-132.2665661549628
-123.75012509372834
-126.5558326381852
-7.746249867532267
-130.96013296034545
-231.2797274246459
-334.5310779604958
-128.36985029311901
-127.9960706073946
-122.21476469708936
-121.9406435737291
-231.67482337656818
-124.70463018541332
-128.65619419532757
-131.8756523151963
-6.615816397957648
-241.02006422039048
-121.51348206540817
-125.11515769962769
-124.6513164969544
-130.7803986793384
-121.09291970028157
-124.7992165538957
-243.9555769546087
-235.04096107361093
-278.81813961813197
-131.84370506601917
-121.23145814277652
-7.059422978554307
-363.6390157701783
-132.09408350229825
-332.1979580919747
-7.369588231527216
-6.725992026490231
-6.533958613222331
-6.401256992527045
-124.62892967101817
-123.19214959656277
-242.11657936270484
-129.3727671359862
-128.2332968442179
-125.0864703384839
-123.50823570840647
-127.26981718780618
-335.98298571603357
-355.12584444048827
-126.55150126846503
-123.69269955368753
-126.38804085240271
-129.96334491968463
-131.82517497146776
-125.9979456408211
-125.91009149473024
-119.36805874199788
-128.1124681842806
-128.1191656258904
-129.4264988092748
-127.13411145170112
-232.72432292950572
-121.92979194854244
-120.53544707097227
-225.1748937778279
-129.30632284328846
-246.3359873245006
-8.03271819514663
-131.5268228645186
-130.55309144247482
-244.86331525181484
-121.23799597077955
-131.02636367327102
-128.49998069328225
-128.30652525007534
-130.19257884734031