-121.68058090139503
-123.44101480067481
-121.20420574861926
-340.84299423597315
-119.9114932529082
-0.7934259216807528
-1.9141414271241115
-117.48339205122475
-120.69315350156963
-121.77782807279996
-118.80423190854091
-286.140475942649
-127.90703005889932
-341.0938112581889
-122.25180799906835
-128.12819761043698
-226.55746036010675
-126.68325003777326
-118.97984398058279
-127.40169962092553
-127.83406008680103
-0.959401446917725
-115.66723998863195
-250.42985633113042
-120.1480358626158
-246.10909009858761
-114.37580246771529
-301.7734627064545
-116.19973084153715
-117.44030829636476
-120.59018501944801
-124.06056052086434
-122.5380067384286
-120.00378717615513
-116.7641163791932
-3.305981939835001
-118.74609031781381
-121.05735777257622
-3.2303554829069725
-233.6000165426409
-120.93639777315465
-128.20305364791116
-114.78319244256465
-2.1094370625700085
-323.3818028524956
-124.6228210588346
-127.92523229500742
-119.05570778202406
-113.63908379771566
-128.7942795515775
-370.20861667285016
-125.0224603966896
-222.1309363616877
-231.24796419797843
-235.2401458520408
-126.13264531319706
-119.63179205264422
-239.77600327099597
-2.768690611263785
-122.34815705735177
-238.73620332915343
-120.59491508764096
-3.1469668309257353
-122.55857263354513
-283.3476178951064
-117.86948422251469
-118.9301906496783
-128.36910149541026
-220.23120490795793
-3.0959272440950447
-2.318055814312053
-235.19089337592771
-226.98181092423553
-119.83946229310264
-122.10218281047925
-119.25522858175158
-128.98624381232676
-124.4605094188644
-124.9999381529021
-116.5175542569756
-243.11449544608354
-120.76108585393843
-117.96588688280194
-129.8716029045383
-244.24262652493678
-118.88455501631732
-121.25423083134812
-120.41800351972836
-119.70102131416458
-115.20312445139326
-128.88612988029143
-120.56315137630483
-125.23826858553703
-288.9679830895509
-118.97423427579858
-118.79255175604649
-328.0453709241143
-127.97526395136103
-1.1273112213580392
-236.3995479335675