-8.292113179748837
-119.47488786400812
-6.682395696022609
-7.174199028448457
-232.82359673490282
-6.9231420481147
-345.7592256604958
-255.33689392718964
-121.70581114940403
-121.98145517165128
-127.92555520647981
-7.286727684957669
-129.59793894104882
-130.51809404481904
-128.32424349152882
-119.26638016996654
-248.08853306655246
-370.9226565492634
-128.40913974010314
-129.97424373297602
-126.93658220319786
-125.3140789854749
-6.9275326460503495
-132.46411756897163
-241.24081988352967
-6.592429617041902
-129.16858914712657
-236.27576398371187
-7.0763339309662046
-131.70589742461848
-7.398574536226077
-123.41686180417088
-128.7319880511272
-235.8050546836037
-132.4458515892201
-244.3651355820561
-119.92124193766014
-234.17403866215278
-121.18340366083667
-244.10552333485066
-130.22894507110996
-127.88478830687474
-130.6943506345898
-125.78995426606146
-121.74267944872943
-123.78698933367835
-6.976517348211862
-7.467650036086155
-132.28063437116876
-249.22663663764965
-342.28303776807235
-251.3324368786303
-126.85072322890332
-240.26395054623373
-253.23718462099632
-121.94313338967365
-6.563638000994159
-120.59211908383142
-245.14523093281198
-124.24176648441625
-127.58355795787749
-127.77596739214552
-131.53427805090723
-128.27538158121246
-128.6650126906787
-129.38363644643178
-131.3272858076823
-132.78502067893078
-330.14735522383234
-232.82735119917209
-242.13036511657933
-250.03988542486843
-8.12075503743075
-123.85092706068333
-256.76496403092654
-6.874915876700026
-240.33490659340956
-335.72876218829396
-348.8292666733652
-123.23182046556676
-125.3137455261982
-131.2844292994974
-123.89683830261484
-122.27728569174784
-121.01506571778086
-127.51157025311059
-233.0881675663013
-249.47567877648586
-124.82421609738827
-6.508214456878803
-240.56897685574754
-245.72531494600264
-128.94762732210037
-241.44577847438836
-129.7373385575408
-6.67327840064611
-293.09620838086477
-240.58187042535286
-242.4621167780124
-122.10394884615357