-5.572495819517321
-116.88533750557701
-4.200836432388889
-4.439859692471225
-228.11054737196216
-4.215148964084063
-328.49366281206795
-372.46620543894915
-119.12688072952427
-119.8579849927834
-123.95878808008035
-4.947310783654782
-125.7528393435177
-129.3633951163988
-124.71375347306973
-116.79570239936959
-246.74647832949123
-354.1135734131536
-123.19631835176017
-124.95498712148024
-122.61937019089953
-121.71227556483198
-5.6062860547436095
-131.95281547042035
-241.213858290177
-3.9636233779061207
-128.32720243232578
-236.49086476771862
-4.297428811928865
-130.8321539881184
-4.641116666194127
-120.64985952056142
-125.14779812492017
-224.28961613405144
-131.96857780912813
-243.50674672473627
-117.90094050834075
-235.1257665876808
-118.69256012685129
-242.54776058933462
-126.96552191901337
-122.24139841529787
-127.74346137684843
-123.36720250596852
-119.48395993154246
-120.26492606017777
-4.318391763392533
-5.141989154124879
-131.32333845684366
-248.10138375354774
-298.02172653042635
-250.31733671151312
-122.32420367821896
-233.7340303797502
-242.21251519199473
-119.65541590132288
-3.9477507199266073
-118.422648273394
-240.4137518820376
-121.17589301372871
-124.72266872447929
-122.20885052220171
-129.60908575917156
-124.84991829341999
-126.24236130184502
-125.72590066839062
-127.4640365494919
-131.9482559752141
-299.7774435204993
-343.8626321404814
-241.54579214068397
-243.9693368261784
-5.398284283531205
-121.27558711417655
-251.77010383908805
-4.172747698040146
-234.65775677587797
-295.05350776095565
-292.2323715572327
-120.0016157893721
-121.66130786228442
-128.06339107999898
-120.27599146383147
-119.58431448876486
-118.96188216331058
-123.75321810351741
-221.77271205915306
-245.54197908860255
-123.79260999300486
-3.91729415159437
-241.51630134672067
-243.4534780213074
-123.18712615849095
-230.9358476888073
-130.1890997680824
-3.9898716138879893
-247.7046716484506
-241.07686961424687
-230.5515138302504
-119.63066320681781