-126.90433045422824
-127.52050973898751
-133.3337530445665
-377.1490215590848
-128.49711204604375
-6.600888645538433
-6.784888881059388
-121.52141226065463
-124.94293137058474
-130.61326505689271
-124.04936653320087
-340.3201410811608
-129.76796230291697
-376.8551407984484
-127.5044666049378
-134.65229411558224
-238.74002223377062
-130.44538901326038
-123.28050490491171
-128.7927971211744
-128.38787664920855
-6.7482357544569425
-119.72847434523307
-251.55067878000338
-125.1726462286927
-247.77147034924678
-118.42061653582684
-253.68658085511683
-120.29600383702167
-122.62488411843596
-129.45172143700648
-131.05154773107907
-128.30036702780836
-125.50016544118004
-120.66454345251096
-7.397766761264753
-123.91083972745417
-126.84540154526846
-7.172909822367922
-245.06035871062372
-130.44484899024638
-130.07854093616805
-118.93173602320968
-6.804395667945554
-232.67092460600458
-130.75425272969179
-129.16198886831842
-123.19965116000358
-117.567304976581
-129.29831142312798
-345.2710053137643
-131.89978725550066
-234.0401382452995
-245.08818697532683
-244.11531767283432
-127.01887132123791
-123.91492802519103
-281.6740232228099
-8.24453884535037
-127.67156816815788
-329.66398591167905
-126.66822611324416
-6.868098522388799
-126.96676394610621
-315.84027736028213
-122.40800331237831
-124.51182549763206
-129.91555746728613
-232.00237265627416
-6.996204892185679
-6.935151171095306
-241.55258327406642
-238.9483272505996
-128.1117266364522
-128.4385526597786
-124.41764657418413
-129.70740421847566
-126.42806109286401
-126.71655002302828
-121.47035931469068
-265.3047962131478
-126.08817152988203
-121.89376608079054
-130.5234000370262
-307.7574392827645
-125.00549195493971
-128.89408727730404
-124.000807086542
-123.9701923489112
-119.15084103588676
-130.37130135234813
-126.73887409622657
-126.91083803726596
-253.01311609772856
-123.9080341416034
-123.9829908244273
-369.86120810094604
-129.35369801137597
-6.951021455923972
-248.16180094463084