-14.579463881600775
-125.1668055647943
-13.745484409484327
-13.798277585248604
-239.3733585805274
-13.803622915091609
-480.20485276796086
-298.47971682962867
-127.45792484719307
-129.478239361827
-259.5059930748939
-14.362323434820327
-136.51124943952675
-133.72737444402793
-135.6634719370966
-125.17848242678473
-247.6116298631972
-324.58408790569433
-131.68984373564703
-135.39325885176032
-133.38719158929828
-134.56782882737994
-14.615274083841838
-136.0792717238046
-248.2662646321543
-13.351926455627973
-132.70289797185325
-238.844929013474
-13.530466859020095
-134.8038458708172
-13.605607692214296
-128.1927842922716
-136.14431365874367
-232.7391400785605
-136.24440372206575
-246.86152725738629
-127.4080117633714
-238.0806666076756
-126.95676651032572
-242.08226264582694
-262.50478635008926
-132.93509213504487
-138.64709467436015
-131.5867757618276
-129.35303812952841
-131.79524522517175
-13.774454313607267
-14.231277732091112
-135.7116748990992
-248.74800605814906
-363.8443001290887
-253.73139669836578
-132.2999673672251
-245.52661370077004
-246.52291579558323
-127.68225885052593
-13.655914691777149
-128.10455816854378
-249.2012854483004
-132.6076385446602
-136.86553225903015
-132.90841208251598
-130.9865765324813
-135.8724511634759
-129.81465615759043
-260.90596800343644
-137.89326880115928
-136.01793149442156
-327.46317317728557
-350.7850460241047
-241.45208063717735
-263.78593874075835
-14.57494128047863
-129.6806542726001
-254.2694727197205
-13.72921927525087
-242.3853497983677
-370.01807610341865
-363.8850242496939
-130.37675136478686
-257.66091354344536
-138.34059462414103
-132.3629425591195
-127.7187950390602
-128.2206985763928
-134.80325777843038
-231.12912290351343
-249.12266693825813
-129.72823320219828
-13.335495697422482
-243.0970771231729
-244.29643182688312
-134.00097632011514
-238.37860753339572
-134.39021164680562
-13.51101966352781
-264.2590672551151
-245.79248386752244
-240.00428731989396
-127.93450712492913