-128.3673621338348
-123.11928012294636
-127.46726348409653
-0.9157992357643988
-123.5942642893088
-124.6575201324265
-120.4631142213709
-221.32180607245311
-120.04984131368423
-119.21983867549295
-119.96552897546746
-128.89259204844922
-125.84733644750207
-229.5474506270534
-120.43449950043772
-122.07771457198248
-2.39544041461152
-300.527605641694
-120.08449220707023
-118.57604086239833
-235.9035069795034
-122.041496721321
-327.1928637840723
-226.1996978421889
-118.1837479223
-336.6216388798591
-1.1449810378932688
-244.28195603621893
-226.66136079008115
-119.23929513773045
-236.67749661745725
-232.6367963202229
-120.32988007244623
-346.6394910281268
-239.6958539954288
-123.75595890130198
-336.5006310778518
-227.69617102142666
-117.74031632327096
-235.58609986718403
-123.09561909059826
-128.63618536850413
-354.2219382013628
-229.5985766851172
-125.0519187394474
-241.101363543088
-2.5804699290229007
-117.19760356972263
-118.33748016330156
-118.96105926262354
-123.11887514474125
-119.89766664336244
-116.72385644848357
-3.034346844052832
-113.99957312240915
-126.2306276248944
-118.67383434598628
-114.75800406645273
-128.16831132281897
-119.18093134371564
-231.97304580786712
-119.58056721545513
-115.4239650165458
-124.30152113590852
-243.18550962181243
-333.55737775774094
-120.06699686347882
-1.7677893259527218
-129.87068913401973
-127.63219074407972
-117.116268822042
-238.1695358544869
-230.68662453399872
-124.97054111138335
-120.51140765577601
-118.2508528215664
-115.35534829423514
-128.91240882723167
-355.41013341723107
-227.99818905282555
-4.284297286559793
-239.27191489894622
-1.1457431763713584
-125.90056182260132
-115.21746242815131
-127.85883411904486
-11.479410104195285
-1.1247986768819682
-1.4286403086103736
-120.19091033108963
-118.54705034640783
-120.05835904960647
-122.95598789720252
-227.51634273008318
-238.105990113731
-113.5997236274232
-2.7724564429578615
-303.53927362926726
-361.7831581481814
-119.85913723241175