-1071.3422216271117
-1021.6119505401316
-1675.9639875798382
-1081.7044089949852
-1058.6580705907845
-905.1898627044328
-1523.0831252703165
-1645.5731549552827
-1669.3137727620685
-1520.5281911098198
-1543.1758492735544
-1414.0917556693105
-1528.7245884111755
-1502.7975723942136
-1353.19803979367
-1524.302069534395
-1419.027998704485
-1507.1031105381162
-1402.632312839812
-1391.4020183187877
-1339.5385620686977
-1468.8365827750536
-1483.0825752635035
-1387.6946249795196
-1321.4570584470548
-1254.5401447878166
-1514.1731021920657
-1193.9542024195862
-1123.5540442320628
-1176.5332865559064
-1097.72439110622
-1101.599114352438
-1077.7647642539685
-1094.3247958541624
-845.6087141059468
-691.8035397904022
-560.5368025668
-4.66219484964957
-1510.3536198716527
-874.4692669642184
-543.297362348752
-265.54988815991186
-0.6558689862233675
-1199.5131692251216
-832.9451464777437
-131.4330571384016
-266.42867114612346
-260.73817773714933
-131.75364417797456
-552.4046811302353
-135.11958054712815
-1516.764557450136
-463.6017331270712
-269.47631397608825
-132.15182819091507
-126.59170553020267
-1509.985170709201
-2.477114249910403
-273.6777769773147
-1512.3986817665377
-131.39932645188796
-11.894303268446713
-284.97558206562536
-494.26510334998636
-263.8091964595414
-264.14511546593764
-147.29922190829575
-264.00042120691364
-13.251726050026157
-2.7970291967272987
-1507.6209677513311
-300.32166654914573
-131.11789979721823
-129.17854788759004
-127.66489535548031
-128.72001521457912
-124.83115601603551
-127.4353375402829
-256.63017387010547
-291.37217991330255
-265.82625277134855
-122.15188404931186
-131.90673282896566
-341.10388292464813
-129.8007006012303
-128.54259750571
-124.9026819605163
-128.1142022585341
-116.59320879860495
-130.0330791690008
-122.93051124475973
-124.05998858879077
-332.9926522910977
-127.19657879343073
-130.00859402118203
-370.54239845540604
-130.10875636784942
-5.335833666767415
-245.79493099363566
-119.75711818308487
-306.82334704609735
-4.100035618805536
-263.3814456627073
-130.16833779508957
-253.7957464236749
-237.03380084827924
-267.90487747567283
-246.86535367589352
-257.4615542296203
-129.26124631515918
-241.1380888843811
-129.19234223182917
-4.428283519738544
-6.5221958098159165
-130.79558008348047
-119.34011437356783
-129.08376837315822
-3.8551103761949985
-128.51126339692576
-119.6756666483976
-243.60212748061468
-248.05272314018583
-3.3637002436385477
-237.80878810524783
-2.3681428763236485
-119.95229164219147
-230.9339943977505
-1.6339723145165557
-0.6659796141948178
-228.62296527679138
-116.75737277383794
-128.2821093670248
-249.30062917513544
-244.33767724324414
-131.72227689650555
-128.25780984109016
-228.7012787739203
-238.3026640542816
-118.6131180720931
-121.72256478265149
-3.3083575998008152
-125.64482948682677
-3.1830824209770854
-120.53900500477755
-126.88699050523456
-237.34946458360986
-121.83504506575142
-238.99283867047853
-227.58111874614386
-129.02742396971598