-136.3031196588731
-129.8672218732647
-233.76100690810867
-246.41368017123995
-131.90718716899735
-130.58569702006506
-129.17045532297206
-345.01614830225463
-13.628579106711815
-129.29878351917603
-13.465770385610025
-127.46767783534807
-256.1310844712477
-13.597289076813599
-15.21078093557401
-13.532187710944612
-241.85449682767089
-135.9804834914024
-336.7387994003092
-249.03895985548434
-130.22385944902516
-131.77112032978542
-129.14454863771948
-133.27665775446775
-125.87168754293607
-129.2872931999969
-251.16306168960986
-249.73216795457253
-127.79402539373096
-131.65076657188766
-237.18581544828416
-134.6458641628227
-131.67939130622776
-334.4930999332311
-262.84105958269015
-247.61293646867088
-130.9741886451396
-14.40441060434949
-132.01331863607058
-131.0443447780238
-134.58100037666188
-129.54769758558194
-127.32193942103942
-13.55229153276586
-128.31887651093444
-137.60285939145527
-124.95574063147384
-243.0079835625783
-262.8187124871794
-129.5145363583286
-125.46465782489702
-131.52381954969897
-133.99401854933046
-127.53960245044249
-259.09295286266007
-138.11484887711697
-131.55027487798964
-134.44443934606008
-129.95023571796355
-13.630146680806623
-130.12485705598024
-129.62765368227085
-136.63470083274458
-241.1235716029293
-131.83066476474613
-137.17823265240722
-232.20546265101396
-131.35969375551755
-133.53330038181733
-133.66867457021914
-247.44400150492422
-135.90365288100702
-13.435890296601237
-130.74925151183953
-131.5568191313123
-259.9729812557414
-129.024431817609
-131.43778445694127
-241.00391078687022
-344.89035098631206
-235.98465292503784
-241.44026909607842
-136.99356119739755
-130.92840348551007
-368.01456034865225
-234.08605476347432
-130.68746006802596
-126.8217250826206
-13.605516363692024
-363.3715180557524
-229.6950278252299
-132.47544761468637
-127.51925374060077
-128.67094656111252
-129.16471226494284
-138.30449903066088
-137.66145406269317
-238.60263998703138
-128.05265262808868
-128.46437103099095