-1272.127967461077
-1557.6086418158743
-1689.4225472186206
-1325.3498609143003
-1262.6481380065538
-1263.6454434067318
-1436.221895168457
-1505.7727450880705
-1454.1913427302973
-1456.6022478353473
-1520.1143177555086
-1374.4253275975345
-1520.9651771587282
-1524.8834496930824
-1420.7596401094552
-1545.8034022760046
-1387.833078974218
-1509.6569869297152
-1403.993845876331
-1405.1707774741667
-1288.5478688226387
-1493.0372819245088
-1517.6349269776626
-1367.275546786135
-1397.493729593271
-1285.0038000838235
-1321.382055549636
-1214.422915539273
-1161.879128464723
-1162.2013079205992
-1116.4243668449406
-1130.1414660103035
-1121.7726404819366
-1129.047039444402
-982.7127462254834
-1011.2651110524662
-1103.882957390609
-688.2805867038877
-1512.3256741843093
-812.3484388130871
-898.7602696431729
-955.5611080780292
-9.601837408025933
-672.5211813159981
-844.0476291022578
-657.3309330761832
-756.6155655783365
-795.469766409607
-134.95069999784974
-945.3856795609373
-261.19072851386915
-1521.6679379157138
-465.45832793278737
-666.1649783954077
-134.64283476749307
-128.7861785780343
-1513.0593938531754
-2.981279643613294
-284.11981593259543
-1509.4563013027855
-132.72739985132236
-2.850559551614113
-277.5177508157771
-373.5513484567037
-130.67666420108642
-134.1143880793403
-132.1294019174274
-259.67930632850454
-2.8803374171881733
-2.37455967137063
-1511.3214964803624
-713.4789592752275
-126.96376143073653
-126.60739740301139
-129.2571037209569
-130.41538927821543
-129.39651761273387
-129.81631779143675
-127.62583579785124
-292.7810400926391
-263.6822971725474
-124.21529292264847
-131.90214581900088
-334.8901491197826
-127.37608106089255
-127.32864854259087
-124.32479626530204
-130.71371410980703
-116.14878444910926
-129.7433239615581
-127.86001691833913
-126.74505885493316
-331.3710224276023
-124.74991807661205
-124.49188786191489
-363.6165500403235
-130.13994676244351
-2.1711105992325694
-246.72041208645948
-120.92361419304152
-304.3647018062533
-2.1676450187079603
-249.32186325390106
-128.89651575313832
-249.17166121931942
-235.78795287115554
-263.1691902733096
-247.0760041832574
-256.18712016199476
-133.80516470037156
-236.9649764912167
-129.93529614943327
-6.237918362706375
-5.942582946110269
-127.64274531716757
-119.9278248061454
-131.3109128471664
-7.395593515634283
-126.88673290402824
-121.29069697029739
-246.860594825989
-249.85838037648836
-1.8519403761317168
-236.2891650913795
-2.505713471137054
-116.69929559431942
-222.7382102402218
-4.857455915066364
-3.142889070137322
-226.23555655144196
-120.12406932508686
-130.35511958073613
-251.3323029907937
-240.74697482526489
-131.79895853843004
-132.457576968307
-238.20156022671273
-243.94859639158884
-129.87121458582558
-128.99575938611147
-14.920021776321335
-131.98426775971606
-12.654518097694785
-127.1012630016392
-130.21627131377983
-245.0195226182149
-133.77169220158356
-245.49867091192976
-237.47354102921065
-139.30023851040374