-124.30646303279256
-122.71019768117743
-130.38645107636228
-347.70591548339655
-127.05183104381271
-3.93395848695255
-4.092614568168644
-119.50070408801533
-125.24570751746467
-129.37157766586276
-120.71502698988724
-316.68302675632356
-125.43735984286948
-343.3076376414668
-124.87842556269717
-132.95780109761787
-239.66929857298953
-125.15660324825139
-120.9102745831895
-125.2010592703543
-125.73961732866846
-4.019491040937121
-117.69806259603497
-247.5119412377478
-121.72987914137914
-243.6580058238866
-116.39067327491885
-362.48705126586685
-118.15391305493308
-119.88527466384231
-127.98410545495334
-130.05598553517916
-127.37958569260493
-122.03409418492869
-118.69476889574486
-5.066071862489429
-121.3271582559774
-123.04106374785633
-4.7646963861050295
-242.83555478930293
-129.19805240374072
-125.90250859910235
-116.34848522800286
-4.060371382466943
-337.04024399315404
-129.56583578377928
-125.79841859787206
-120.56411334604338
-116.23736450230187
-126.59108233701326
-310.26110516810496
-130.96129295881082
-234.01633780382625
-245.19447782156138
-242.64963201716685
-123.80260971395197
-120.30627346804748
-234.53168679425318
-5.623918101693821
-125.06090801939499
-233.80252238186256
-121.74448650515805
-4.423298957879025
-124.41160956196819
-250.51782659106615
-120.41663144537927
-120.93816675189261
-126.15945548313374
-231.94816328368907
-4.588146715026922
-4.457213147472598
-229.06023507474194
-238.65366877639443
-126.63594037307935
-127.2241136338161
-121.99123796233165
-126.91562854369792
-122.0857910061576
-123.26974927501445
-118.95202750318887
-240.56157691834414
-123.47058191408367
-119.8954876922959
-127.35445691561557
-253.31860812981012
-123.79887105541066
-127.486854662074
-120.84682142669371
-121.45091626881916
-117.15229421353033
-125.9490911621545
-121.74641318372112
-122.88307712874182
-248.17116974961138
-121.45782384360545
-121.37719412269276
-348.13859973337725
-126.23080587345511
-4.14517822904262
-245.32997790805024