-118.9378479417066
-131.30196864793606
-119.5718863979252
-120.26176809736468
-241.74894801105947
-4.000509504000156
-4.156590289500429
-224.80171589408792
-125.60887927163672
-123.1326483805042
-123.0003320653915
-121.80738293196976
-117.27403611085045
-130.97492668723388
-125.89586398052501
-119.76044384900945
-131.00940606564933
-342.88949482181266
-124.29781108707783
-232.6159452623801
-125.68592518967333
-222.83533942655367
-355.84587147836027
-118.17660997897798
-233.6859184754576
-378.27183285848025
-122.20015087014006
-231.19189979591698
-237.87051468623724
-273.29927388623184
-118.90262410900526
-3.869298619839038
-4.339564236838747
-243.59859615794193
-124.55315233373692
-122.22324012379688
-4.456642742259914
-226.7756780334981
-117.18872885704687
-125.06397986799368
-255.3998951369062
-121.02205379975776
-243.68779530630204
-124.49460550061958
-132.14912975709734
-129.33183863342802
-125.90944368884446
-126.37190863372506
-121.62152106865204
-123.27193448804655
-237.264054137981
-123.59532066712399
-119.16061462547212
-117.59109982910564
-4.382777130126179
-121.72127314264829
-4.567431865882755
-231.48498431616895
-5.1733582704398975
-124.49558520708354
-121.9116227154125
-347.7105440986517
-4.186006249192371
-129.30932541299808
-128.6513858018356
-118.62214856447845
-4.492306521355767
-240.89775645178378
-122.54707363274196
-126.53083180135663
-242.2118674947992
-123.20128105141603
-240.82676079117462
-123.41508007650684
-124.12384050135434
-3.9489257873016004
-127.38453621590484
-118.42389845153367
-128.578898157785
-126.72096709535305
-245.9583655240837
-4.829114300384036
-120.12157948231282
-4.203621505870564
-118.80444897147294
-126.41157741846274
-223.34174221871885
-129.61077325535032
-122.05917431712376
-126.32449820979487
-3.9290302511205284
-121.6648951844123
-122.65927939654843
-120.03524848628005
-232.6725935245664
-125.19735239653731
-4.083630313565356
-128.42297608910349
-123.7506436277684
-124.88703820104458