-3.562175425900063
-114.22261448099285
-2.069975403787935
-1.4349853535934884
-348.4787411155317
-1.1668843009405683
-314.4392063398476
-292.0191131577101
-116.53946790747506
-118.03736056083928
-126.19434485704173
-2.8320422447246947
-128.20471789826306
-123.50527645361038
-126.95522899266277
-114.14937301008915
-231.21942641269894
-318.8678916712207
-121.19804382014276
-127.11553384789934
-125.18484864571242
-120.93060839221555
-2.7479179117284525
-126.59643352960575
-229.32709172027126
-0.8382151919997157
-122.87783545687374
-221.55096014784738
-1.3623217188733536
-125.77885372985739
-2.5334449354125446
-118.14356422625941
-127.40781862454338
-227.65161860753756
-125.41329706221765
-238.13659785584616
-115.92036998442599
-221.96473473251413
-116.89119668498192
-233.82066082717864
-129.15890609187426
-120.31235854421016
-129.61915801656625
-120.7582119326915
-117.60339895447315
-119.3170809926194
-1.3578680101415468
-3.798245842538608
-125.74775642398106
-241.09904286177215
-247.733388612284
-244.76097303671705
-120.42935582945857
-348.88727832816215
-241.08197673407406
-116.9960640283653
-2.8633754328119885
-116.53568626804513
-241.3155916666195
-119.2962661094565
-127.1599574251175
-121.87593910404132
-121.56698567923422
-127.43137452392824
-119.93978904138065
-127.56959477057265
-129.9363442376229
-126.41385052443187
-383.7916692411141
-223.9605496158293
-234.39216509373773
-369.2188665718115
-2.492549629184006
-119.74057106903778
-245.27496640803182
-1.1129213396722009
-235.11254456997355
-250.36795460847551
-239.80523564752545
-117.92166009646134
-121.19276140179815
-130.54080393541423
-119.23224531911931
-117.08058457728112
-117.07189961220489
-126.11621176587792
-225.4309463978136
-232.64120941472027
-119.71765734612121
-0.8258653392775674
-227.20134310341862
-228.88086111489187
-122.72994456326147
-234.2036364788996
-125.14629360486771
-0.9130447339282722
-257.7819533146753
-227.9796227672243
-235.89388059578465
-117.79881633525436