-130.0894381926582
-127.88645640636037
-131.1302282606192
-338.6559535860549
-128.73554399819736
-10.047753132831302
-10.423024557198891
-123.96860862572798
-128.91151042347843
-130.0695751655868
-125.26062413817102
-375.9638203142003
-132.89358126188702
-340.23069525975376
-130.66260137299878
-136.29819091988085
-240.34286845445672
-131.83491744954782
-125.54017125483807
-132.7058089546404
-132.390177236995
-10.286834660386436
-122.32968403806802
-254.11845562464663
-126.42712924793214
-250.55042374363555
-120.99472265430799
-308.912558183228
-122.74419493214363
-125.44472015164881
-130.11445089857494
-133.08538308733853
-130.9232119724882
-126.52668597186297
-123.2620072109325
-10.404271673142029
-127.08337116065154
-127.60159054500159
-10.134597075847072
-244.87305578073025
-129.92475645644421
-132.70686311018798
-122.20843154570952
-10.189916622305267
-330.7923813583461
-133.10936012751532
-132.97662801018433
-126.4285634462684
-122.05943664564042
-133.50853388618336
-367.14094213880674
-133.97932696945884
-235.28633924016307
-245.52157396815747
-244.7280128035147
-130.77102213815007
-125.48711684273037
-242.2065807433681
-11.817102743405258
-130.82234872441077
-241.14799649992185
-126.6852464057004
-9.930478241395704
-130.18649367261867
-290.3814044421546
-125.98461435274271
-125.52139931911218
-133.74841724906622
-233.11967845552886
-10.019371017791682
-9.971792121744524
-236.96178111237379
-239.80967785904917
-128.63181871158707
-130.92197408752705
-127.23901914443536
-133.34413953484977
-129.14860971342094
-130.79701418411972
-124.55275706369584
-247.48283504661634
-129.24750537325062
-124.3627160384259
-134.1293486810652
-247.67787524266438
-127.35099435084558
-130.4854089379757
-126.14175770431852
-127.22770641168313
-121.76300424789521
-133.20749862211838
-126.6115568329072
-130.56833195694261
-291.7172172152832
-127.18147100035334
-127.18001221747497
-335.74584808106914
-133.16694165932208
-10.320467808765269
-245.84395747919834