-1070.0067207789104
-1107.8538437870106
-1854.5720642284257
-1074.637603106106
-870.3649053042416
-750.4583619270161
-1255.4109989976332
-1142.4809988548366
-1071.2896514668755
-1227.4773384762718
-1802.2872349402874
-1541.5121139058474
-1520.7826405728426
-1464.4118619329847
-935.9090288061071
-1265.4602054397542
-1639.3221795374275
-1533.741846421846
-1640.520559606049
-1643.2701533839827
-1598.8515092059179
-1611.9837135632308
-1510.3013296524675
-1643.9647519539342
-1525.4151056712415
-1547.1898247726865
-1469.8244565756036
-1613.2016477298757
-1189.6807252294425
-1133.7098469519224
-1365.237476666653
-969.6845115510794
-1601.93856805201
-1574.9867091910953
-1526.2832392996281
-1420.9301776137795
-1538.029299835514
-1170.9026493302201
-1276.3707599148909
-1139.1248150418744
-1087.049812563666
-1142.662017267278
-11.764608106238354
-1081.6993063847672
-136.26031561150015
-814.9724926095031
-405.8782079829707
-907.5187183797619
-268.3341549647464
-568.2858218260011
-140.85055476915724
-569.415390923723
-455.3429098744125
-542.1427941083642
-133.92372285074362
-262.6050718991741
-1509.9851381275078
-5.187938358728123
-279.5448722248879
-1512.3986792968974
-264.9667599925155
-4.726516485245407
-277.4637203967843
-366.3463114479503
-131.02237082504882
-137.72080416113855
-133.67582602106958
-246.57759546309666
-3.1515589467778353
-2.7693755214865328
-1507.6209677513311
-274.23962524502014
-931.0506004931675
-257.7901990785786
-125.84497923252148
-131.3719932501604
-127.41833604262881
-127.51459422820292
-123.41812602086733
-304.9824411555613
-264.7075153590983
-129.45757317717565
-130.06006247028284
-617.5878542070941
-125.04542596405119
-126.06447076315274
-123.82144941049003
-256.07690256297144
-119.89487199597197
-130.89333775200117
-127.46956928378823
-125.79928036490604
-263.8625974325032
-127.42220779450125
-124.72162297847541
-383.1987570552182
-128.37565193715088
-2.0979927837080954
-242.5624044385541
-120.2516055595005
-324.15982030466796
-1.4287371616632154
-249.3672969555453
-128.45050424538587
-251.58675449051015
-234.25568776275813
-273.6141444561154
-248.92598272782496
-275.1652764415782
-130.03869284013686
-237.85910081244197
-128.14683517221926
-3.554566850308899
-5.318159813453058
-125.227063113169
-116.70148532680032
-126.96678041008866
-1.879417249283651
-124.26669171193225
-119.54409222585028
-249.6439088072067
-259.82232779057387
-3.7405428816781288
-239.96817468186575
-2.849610552945383
-119.80071020270901
-229.10290075848346
-3.965376775853394
-3.3473800656930117
-226.4155926228212
-117.27761666903295
-128.00366530619146
-246.75613162194364
-241.96103188302052
-126.34081030012135
-127.38318231232573
-234.9265400205446
-238.1643862066411
-117.7695297913057
-120.45993642201024
-2.0726887309970907
-125.21536830814074
-3.6375828755318116
-117.03695973029816
-127.21052810792006
-231.0897981474429
-125.78522845541988
-232.5236506229362
-223.77561530402463
-126.52172343931603