-123.23782113684972
-122.57799355033568
-115.69222054428737
-120.54069522211596
-239.05763113705666
-120.62442436964676
-124.55938503788003
-2.930399023893754
-120.04340674587633
-123.40565708972957
-120.93889183744446
-2.0578646151669897
-232.2685730929976
-123.82257495403881
-1.6855534164386918
-114.43395603235639
-115.36119918669826
-121.81842416053944
-120.42676122048704
-117.777412584281
-128.17011688730383
-119.63329740020428
-118.46882390507365
-248.36382166524157
-121.77139214946482
-129.66239226662236
-118.34308193160895
-357.1779787093301
-129.147625174896
-118.49711352919954
-117.51927561889072
-129.8657841659683
-124.69717968376214
-115.4135454858566
-119.40320950081163
-122.97657462315567
-237.35528756636867
-122.33997439603256
-120.11736124773329
-124.15244611976784
-245.9720963371163
-119.613929900449
-233.28026431126116
-321.9816630510974
-3.7762349496018737
-342.7382471714546
-114.8413638565897
-241.62722583426333
-237.18322893326328
-2.2509431033784035
-123.94916134933347
-124.60765033518675
-126.69796144441884
-123.98912064095684
-239.6900129216008
-119.02722724416614
-348.1444232617408
-229.7895643747728
-1.640881729490429
-345.22787486884187
-230.14929318616552
-119.35662158643636
-125.6771604236544
-2.342811511027945
-1.9760700530337365
-122.22711597458182
-122.65570044018448
-240.74465827955072
-116.60784409597612
-121.4570559640189
-122.16615700912546
-123.5493989739684
-117.96170311646765
-126.85393023321497
-232.41372241717536
-117.37154064701106
-118.53070307688017
-237.31493294647586
-117.86044761283301
-1.51371609810798
-2.828800433907644
-124.32520943846598
-120.67957356202534
-118.26849679403925
-2.7406290441717016
-239.0549803652565
-3.9295142726230874
-1.6259826865867433
-117.72044621301434
-121.1546200691457
-297.69051096253924
-234.43182509303338
-1.6438750738497478
-245.34858300845406
-125.41650658410913
-238.4214107137335
-239.1958347465196
-120.82648604633096
-121.02892334256617
-1.9426076093012017