-122.29885051336062
-120.88150639408306
-123.42817808815009
-335.0123378608917
-121.15440824656281
-1.5540660860884787
-1.764257825860492
-117.18959712468451
-121.33733601259242
-122.02319928072824
-118.4918630274319
-317.8116758480845
-124.6549565087508
-336.39027867941695
-122.83772271353426
-130.26603892296498
-230.6718714134838
-124.7061024797848
-118.80432396842387
-124.22625694782168
-123.78208472056698
-1.7385256279442658
-115.5072786388691
-246.9922993079882
-119.45157767011922
-242.85872257908406
-114.18898578713848
-368.6363015373491
-115.95975974895956
-118.61338302116076
-122.10998233834067
-127.36812567551782
-125.65216808484395
-119.78532372386807
-116.41125680318135
-2.7811657745359644
-119.46583409595718
-120.87199647564553
-2.499372313926511
-237.74916648910803
-122.6934205803479
-124.90810850596122
-114.46262827553659
-1.7398668100065013
-335.9345117053527
-128.10826178775824
-124.37113941433019
-119.28156697292707
-114.35271872101225
-124.75617201209502
-312.1243716344456
-127.9798894497806
-226.88171265194563
-236.53717636958157
-235.1116406178035
-122.03389996838561
-118.30524659605942
-235.2956630835602
-3.3830784476266356
-123.02363969158841
-235.035375238166
-119.72381547418436
-2.070734350357684
-122.41089747275768
-285.5796369194919
-119.02820910807442
-118.72919879976038
-125.74852593016342
-225.04553373973397
-2.2632712267044885
-2.1287060912105966
-230.7299905426383
-231.97378935015223
-121.306883472654
-125.6369886063944
-120.61212208212669
-125.1227855496986
-121.39236212427852
-122.05169297965078
-117.67658931355017
-241.29670549451106
-121.42510863497425
-117.60392759053315
-125.72179014191337
-241.59991174085604
-120.1118889920061
-124.51176880287014
-118.99198059198893
-119.52822003500654
-114.92738080515953
-124.85634007485416
-119.63437982329785
-122.17103757507822
-251.59517732045217
-119.76832964248018
-119.47612326802731
-349.8551101290286
-124.83980165303352
-1.8477405089964858
-236.16145639426912