-134.41533532982547
-128.96705248787723
-9.962528831670912
-126.63664537187516
-232.1059646268891
-9.897188688209372
-126.71798298576006
-238.675687390915
-319.12680108277345
-127.2770262472401
-123.68130514011442
-125.01506386640084
-126.33630098321684
-10.438710473005381
-244.8692476542826
-131.6876792437808
-132.66746485842245
-365.7884513802431
-126.2274377939114
-350.0118128514686
-124.50110916502142
-329.73882758244156
-10.037562579712532
-245.89354530865089
-129.80718705453359
-131.94534592759405
-335.5249506607175
-124.51630958620477
-132.1084075747718
-240.67156641843476
-310.8156996098381
-252.77151250541175
-244.15407718769194
-9.9903452374073
-338.86982674440907
-11.275113587643101
-126.50263027809932
-124.7529098030893
-127.2985487378815
-124.0576932024421
-232.04732750614235
-128.55202013270562
-231.0026296890296
-251.24718308866778
-11.072162138907006
-122.74863509267811
-249.15442789310953
-10.805222632318664
-127.28052419570405
-129.0736579098203
-128.763315045572
-340.78111901858637
-133.88617425925887
-127.6272989258981
-10.087727594720292
-334.24297488022484
-229.25932839855187
-247.2979017559291
-130.23521729085465
-126.39756172118166
-359.6352576583023
-242.1350824703326
-124.03307826204434
-126.70175559327585
-226.2527872224055
-127.14602448494692
-125.26963702705478
-10.09680890869311
-126.77557119357624
-132.22339883183662
-128.34240276243776
-126.22466415432694
-128.11778382320855
-9.801750672490256
-135.3646126652468
-252.13078462831552
-133.5552586782773
-10.49674805367115
-236.19151619195827
-126.56494158645764
-133.56578155566393
-9.952137197567703
-287.90890950354816
-125.61219944629492
-128.45974404498864
-10.074335520874417
-340.98023558473335
-240.1177316885282
-239.55582009698898
-233.48289720577105
-130.96125961923616
-9.896450247491451
-136.24932663504583
-125.60145627788064
-121.55524434513696
-123.05693621075122
-250.976903977478
-136.9569570387563
-343.41397742339103
-10.514491318117331