-3.4343700502970504
-114.84560498736413
-1.7978230611959458
-2.1652749979988344
-224.22620234402635
-1.8617115606019778
-331.28867158909594
-292.81544486476287
-117.24930621957377
-117.60230327922403
-122.74419050942589
-2.5549045266038486
-125.42043161548024
-126.99188343952746
-123.20413021748351
-114.9966863309558
-236.70579162901015
-353.46356483245955
-121.01908346287867
-123.75739750338244
-121.69202712593884
-119.73121366851444
-3.4392683834175193
-130.34344066093155
-234.19676697258734
-1.611239988405488
-125.0778595908833
-227.11404471785858
-2.0035206757427244
-128.39472895833705
-2.407610410086846
-118.98891605278537
-124.0575717730515
-224.81348957189044
-128.8501406987206
-241.33942178893304
-115.62265075668397
-226.42340709696197
-116.70157053701227
-233.0944140991654
-125.26267473136755
-120.08192148096622
-126.32273674342493
-121.38899636657592
-117.24694753548339
-118.30825940201036
-1.9786318478869669
-2.8808605767645328
-129.6224384712407
-243.62096244811946
-300.6090496803924
-247.95445657804333
-120.12951426775919
-231.34497653756227
-239.61715677322522
-118.60317903419254
-1.6436370522372263
-116.19782282583154
-239.0493705408024
-118.95410517332891
-122.72377860404343
-121.20829899886758
-123.90868574636774
-123.33083671258971
-122.04293968163798
-124.62963301402159
-126.96234148678944
-130.22313942070988
-301.555375286592
-221.3985907578997
-233.1643190795414
-241.43187374011103
-3.141523936310875
-119.60981444922065
-249.74344539200095
-1.8445353624009202
-233.87328338296726
-299.0913996605386
-236.19506587122135
-117.77123902545382
-119.73830423518345
-126.82507870116885
-118.23970518465786
-118.32767843979275
-116.66957586397497
-122.37626723241296
-222.88903464223864
-236.99974305176352
-120.845987004097
-1.6072049701226165
-232.56114205109714
-233.95796054714765
-121.22096457386455
-231.94648550552395
-127.92233959623839
-1.6790051882178505
-246.05056517298428
-232.44915024912194
-231.82414857407292
-117.67901275921594