-1164.3113687897999
-1118.108526567991
-1744.4227416413587
-1268.6753291853952
-1048.722532649979
-976.3932071272511
-1492.2525115533417
-1487.214649967168
-1460.7776343848811
-1446.5745740048778
-1520.85680481981
-1399.1806129283755
-1520.8048220909493
-1520.2083992989367
-1395.7353660349413
-1506.4011075724588
-1457.2304918634222
-1505.1980610794533
-1385.1677795627966
-1406.5928306813669
-1276.180765391947
-1482.6015651864493
-1458.285674981808
-1321.231973641509
-1248.742403504391
-1193.240122278504
-1518.38231864852
-1171.3591140692454
-1133.7880092788944
-1174.0060957503647
-1077.5306493974142
-1064.6758950241501
-1013.6901753970166
-788.1972113794923
-684.4409862533055
-1069.4296546112234
-985.6798878043423
-613.2950450128932
-1512.0190345996816
-780.6409440201587
-272.65837153819535
-400.44297577793805
-1.4872836980244053
-535.4366656745987
-135.4030433819478
-264.50953144521435
-135.49451830771312
-258.08485717991084
-266.3046514540471
-683.1691327138449
-130.7988137526693
-1483.3948010164095
-312.29661759493985
-264.19094624079827
-259.83070010672117
-125.2008282056741
-1509.2391004272386
-2.441612826238873
-272.9092273339876
-1510.9903746187956
-132.3696533867748
-1.3396990934878152
-405.74718514608657
-359.16012993252366
-129.78357186047657
-264.50570697394136
-133.0484383301454
-240.85158580321948
-2.504680818156057
-4.0001947691147635
-1510.7618932788275
-288.9673282400629
-262.17898705865235
-257.4354223788206
-128.88418646743816
-128.6846604686158
-126.49337510587077
-125.63027508665205
-124.51451067643447
-1123.6848178828805
-131.7728959151096
-122.677008840263
-130.262036889032
-332.48101251683096
-122.99746797228977
-125.99668958918976
-125.67342034314959
-124.78904610406985
-116.17774093434531
-129.66511778036997
-130.05404607280678
-133.67275682363385
-339.7646052469434
-127.45691932778436
-129.1848020544953
-371.8261932807224
-138.90314286509368
-14.728444197149953
-249.4681667915634
-119.28063633924721
-299.19826484641925
-11.666102291941812
-267.9568905771218
-133.7136627850475
-277.9955589937839
-240.68897927379385
-260.0785972141217
-257.5694250108619
-256.0220929772659
-134.29093863112786
-244.45873547852463
-132.50993567787066
-7.054484907601408
-133.03687485854354
-130.35179554176517
-247.46657540166285
-129.96027622282713
-6.453935241705729
-129.32149076426833
-121.43892225829877
-250.56367337696267
-248.19419761993663
-2.1367412964425987
-237.15140421077442
-2.3330907951043733
-117.98766615648537
-232.36871553196116
-1.8991343852305733
-1.934584785354219
-225.85894182387116
-118.24134155510961
-126.52336646302818
-248.66197696566263
-238.47329064563314
-127.98301766910572
-129.03235435133763
-234.7597868285597
-241.45542378297668
-120.21120945786507
-120.24778308760465
-2.0949916625563976
-124.89498313858172
-2.395267500277716
-117.92936802982835
-127.70316157556005
-240.0515966445317
-129.95489378111904
-239.46601724769354
-234.62031743645036
-133.2304238119919