-11.69925516814014
-122.73068385534484
-10.323595490029346
-10.763814533628484
-231.61281737707338
-10.436937498827742
-316.7641671172213
-295.7816335397871
-124.89587990259975
-124.36441955977939
-130.6853023081149
-10.36324320307786
-133.48332888287305
-132.66395164306573
-131.82806627248033
-122.57625794098149
-245.57517207782763
-321.84838780224237
-127.77821521515828
-132.46312653418417
-129.9531625518836
-126.7686904860962
-11.693418030282688
-134.86796259609602
-242.50312937116618
-10.212259661370883
-131.50972547993814
-236.59822363679228
-10.587902300706661
-133.6658589904958
-10.725082774097546
-125.70687419177676
-132.7637874110506
-231.9439989930786
-134.917660853265
-245.84696973800578
-122.471457638808
-235.89871006153456
-124.54290189595609
-243.30073423955116
-133.67688331420712
-127.02112267785834
-134.49515505400205
-129.10302256819242
-124.02053968350198
-125.34806956916705
-10.646154613628255
-10.33726902771411
-134.47204872168422
-250.39644901709488
-370.19773799943357
-252.87430826837482
-126.86142386415021
-237.9055552212445
-245.03971031463476
-125.03454251884085
-9.844322138582182
-123.00897310374926
-244.71151068558243
-125.68430492133237
-131.359112187055
-127.3954499934259
-130.72762686575805
-131.81785518513493
-128.60763969688549
-132.35176669939972
-134.72165654125038
-134.86803263284176
-380.64992904542265
-227.45200531618417
-242.7890278475924
-268.2924551579914
-11.649798109968929
-127.07208944750028
-254.2010472658346
-10.414819225399034
-238.62088487353816
-374.4452694062376
-241.80439464170794
-124.51875612908908
-126.95946680625799
-135.11923234304794
-125.33472168569071
-125.14946528353008
-123.49861329974519
-130.91552838720614
-229.9159235538611
-246.04141308384968
-127.55061606835706
-10.222542337285393
-241.33139298992597
-243.39945941054665
-128.05445397955552
-238.32262821647268
-133.1444707324786
-10.216434994717064
-263.93740346724644
-241.6834655496081
-238.52124999235832
-125.42576456672519